Oscilloscope data. 
Time step = 10,00 nS
Voltage step = 3,125 mV
Zero level = 128

N 	Smpl.	Trig

0	93	0
1	93	0
2	93	0
3	93	0
4	93	0
5	93	0
6	93	0
7	93	0
8	93	0
9	92	0
10	93	0
11	93	0
12	93	0
13	93	0
14	92	0
15	93	0
16	92	0
17	93	0
18	92	0
19	92	0
20	93	0
21	93	0
22	93	0
23	93	0
24	92	0
25	93	0
26	93	0
27	93	0
28	93	0
29	93	0
30	93	0
31	93	0
32	92	0
33	93	0
34	92	0
35	92	0
36	92	0
37	92	0
38	93	0
39	93	0
40	93	0
41	93	0
42	92	0
43	93	0
44	92	0
45	92	0
46	93	0
47	93	0
48	93	0
49	93	0
50	92	0
51	93	0
52	93	0
53	92	0
54	92	0
55	93	0
56	93	0
57	92	0
58	93	0
59	92	0
60	93	0
61	93	0
62	93	0
63	93	0
64	92	0
65	93	0
66	93	0
67	92	0
68	93	0
69	92	0
70	93	0
71	93	0
72	92	0
73	93	0
74	93	0
75	93	0
76	93	0
77	93	0
78	93	0
79	93	0
80	93	0
81	92	0
82	93	0
83	92	0
84	92	0
85	93	0
86	92	0
87	92	0
88	93	0
89	92	0
90	93	0
91	93	0
92	93	0
93	93	0
94	93	0
95	93	0
96	93	0
97	93	0
98	93	0
99	93	0
100	93	0
101	93	1
102	92	1
103	92	1
104	92	1
105	92	1
106	93	1
107	93	1
108	93	1
109	92	1
110	92	1
111	93	1
112	93	1
113	92	1
114	93	1
115	93	1
116	93	1
117	92	1
118	93	1
119	93	1
120	92	1
121	93	1
122	92	1
123	92	1
124	93	1
125	93	1
126	93	1
127	93	1
128	92	1
129	93	1
130	93	1
131	93	1
132	93	1
133	93	1
134	93	1
135	93	1
136	93	1
137	93	1
138	93	1
139	93	1
140	93	1
141	93	1
142	92	1
143	93	1
144	93	1
145	92	1
146	92	1
147	92	1
148	92	1
149	92	1
150	93	1
151	93	1
152	93	1
153	93	1
154	93	1
155	105	1
156	184	1
157	192	1
158	197	1
159	197	1
160	199	1
161	199	1
162	200	1
163	199	1
164	200	1
165	199	1
166	200	1
167	201	1
168	201	1
169	201	1
170	201	1
171	201	1
172	201	1
173	201	1
174	201	1
175	203	1
176	203	1
177	203	1
178	203	1
179	203	1
180	203	1
181	204	1
182	204	1
183	204	1
184	204	1
185	204	1
186	205	1
187	205	1
188	205	1
189	205	1
190	205	1
191	205	1
192	207	1
193	205	1
194	207	1
195	207	1
196	207	1
197	207	1
198	207	1
199	207	1
200	207	1
201	207	1
202	207	1
203	207	1
204	207	1
205	208	1
206	208	1
207	208	1
208	208	1
209	209	1
210	209	1
211	209	1
212	209	1
213	209	1
214	209	1
215	209	1
216	209	1
217	210	1
218	209	1
219	211	1
220	209	1
221	210	1
222	211	1
223	211	1
224	211	1
225	211	1
226	211	1
227	211	1
228	211	1
229	212	1
230	211	1
231	212	1
232	212	1
233	212	1
234	213	1
235	213	1
236	213	1
237	213	1
238	213	1
239	213	1
240	213	1
241	213	1
242	213	1
243	213	1
244	213	1
245	213	1
246	213	1
247	213	1
248	215	1
249	215	1
250	215	1
251	215	1
252	215	1
253	215	1
254	215	1
255	215	1
256	215	1
257	215	1
258	215	1
259	215	1
260	215	1
261	216	1
262	215	1
263	216	1
264	216	1
265	216	1
266	217	1
267	217	1
268	217	1
269	217	1
270	217	1
271	217	1
272	217	1
273	217	1
274	217	1
275	217	1
276	217	1
277	217	1
278	217	1
279	217	1
280	217	1
281	218	1
282	218	1
283	218	1
284	219	1
285	219	1
286	219	1
287	219	1
288	219	1
289	219	1
290	219	1
291	219	1
292	219	1
293	219	1
294	219	1
295	219	1
296	219	1
297	219	1
298	220	1
299	220	1
300	220	1
301	220	1
302	221	1
303	221	1
304	221	1
305	221	1
306	221	1
307	221	1
308	221	1
309	221	1
310	221	1
311	221	1
312	221	1
313	221	1
314	221	1
315	221	1
316	221	1
317	221	1
318	221	1
319	223	1
320	223	1
321	223	1
322	223	1
323	223	1
324	223	1
325	223	1
326	223	1
327	223	1
328	223	1
329	223	1
330	223	1
331	223	1
332	223	1
333	223	1
334	223	1
335	223	1
336	224	1
337	224	1
338	224	1
339	223	1
340	224	1
341	225	1
342	224	1
343	224	1
344	225	1
345	225	1
346	225	1
347	225	1
348	225	1
349	225	1
350	225	1
351	225	1
352	225	1
353	225	1
354	225	1
355	225	1
356	225	1
357	225	1
358	225	1
359	226	1
360	225	1
361	225	1
362	226	1
363	227	1
364	227	1
365	227	1
366	227	1
367	227	1
368	227	1
369	227	1
370	227	1
371	227	1
372	227	1
373	227	1
374	227	1
375	227	1
376	227	1
377	228	1
378	227	1
379	228	1
380	227	1
381	228	1
382	228	1
383	228	1
384	229	1
385	229	1
386	229	1
387	229	1
388	229	1
389	228	1
390	229	1
391	228	1
392	229	1
393	229	1
394	229	1
395	229	1
396	229	1
397	229	1
398	229	1
399	229	1
400	229	1
401	229	1
402	229	1
403	229	1
404	229	1
405	229	1
406	229	1
407	229	1
408	229	1
409	230	1
410	230	1
411	231	1
412	229	1
413	231	1
414	231	1
415	231	1
416	231	1
417	231	1
418	231	1
419	231	1
420	231	1
421	231	1
422	231	1
423	231	1
424	231	1
425	231	1
426	231	1
427	231	1
428	231	1
429	220	1
430	135	1
431	100	1
432	93	1
433	91	1
434	93	1
435	93	1
436	93	1
437	93	1
438	93	1
439	93	1
440	93	1
441	93	1
442	92	1
443	93	1
444	93	1
445	93	1
446	93	1
447	93	1
448	93	1
449	93	1
450	93	1
451	93	1
452	93	1
453	93	1
454	92	1
455	93	1
456	93	1
457	92	1
458	93	1
459	92	1
460	92	1
461	93	1
462	93	1
463	93	1
464	93	1
465	92	1
466	93	1
467	93	1
468	93	1
469	92	1
470	93	1
471	93	1
472	92	1
473	93	1
474	92	1
475	93	1
476	93	1
477	92	1
478	93	1
479	93	1
480	93	1
481	93	1
482	92	1
483	93	1
484	93	1
485	92	1
486	92	1
487	93	1
488	92	1
489	92	1
490	93	1
491	92	1
492	93	1
493	92	1
494	92	1
495	93	1
496	92	1
497	93	1
498	93	1
499	92	1
500	93	1
501	92	1
502	93	1
503	93	1
504	92	1
505	93	1
506	92	1
507	93	1
508	93	1
509	93	1
510	93	1
511	93	1
512	93	1
513	92	1
514	92	1
515	93	1
516	92	1
517	93	1
518	93	1
519	92	1
520	93	1
521	92	1
522	92	1
523	93	1
524	92	1
525	93	1
526	93	1
527	92	1
528	93	1
529	93	1
530	93	1
531	93	1
532	92	1
533	93	1
534	92	1
535	92	1
536	93	1
537	92	1
538	93	1
539	92	1
540	92	1
541	93	1
542	92	1
543	92	1
544	93	1
545	92	1
546	92	1
547	93	1
548	92	1
549	93	1
550	93	1
551	92	1
552	93	1
553	92	1
554	93	1
555	92	1
556	92	1
557	92	1
558	92	1
559	93	1
560	93	1
561	92	1
562	93	1
563	92	1
564	92	1
565	92	1
566	92	1
567	93	1
568	93	1
569	93	1
570	92	1
571	93	1
572	93	1
573	93	1
574	93	1
575	93	1
576	93	1
577	93	1
578	92	1
579	93	1
580	93	1
581	92	1
582	93	1
583	93	1
584	93	1
585	92	1
586	92	1
587	93	1
588	92	1
589	93	1
590	92	1
591	92	1
592	93	1
593	92	1
594	93	1
595	93	1
596	92	1
597	92	1
598	93	1
599	92	1
600	93	1
601	93	1
602	92	1
603	93	1
604	92	1
605	93	1
606	93	1
607	93	1
608	93	1
609	93	1
610	93	1
611	93	1
612	93	1
613	93	1
614	93	1
615	93	1
616	93	1
617	92	1
618	93	1
619	93	1
620	92	1
621	93	1
622	93	1
623	93	1
624	93	1
625	93	1
626	93	1
627	93	1
628	93	1
629	92	1
630	93	1
631	93	1
632	92	1
633	93	1
634	93	1
635	93	1
636	92	1
637	93	1
638	93	1
639	92	1
640	93	1
641	93	0
642	92	0
643	93	0
644	93	0
645	93	0
646	92	0
647	92	0
648	93	0
649	92	0
650	93	0
651	93	0
652	92	0
653	93	0
654	93	0
655	92	0
656	93	0
657	93	0
658	93	0
659	93	0
660	93	0
661	93	0
662	93	0
663	93	0
664	92	0
665	92	0
666	92	0
667	92	0
668	92	0
669	93	0
670	93	0
671	93	0
672	93	0
673	93	0
674	93	0
675	93	0
676	93	0
677	93	0
678	92	0
679	93	0
680	92	0
681	92	0
682	92	0
683	92	0
684	93	0
685	93	0
686	93	0
687	93	0
688	92	0
689	93	0
690	93	0
691	92	0
692	92	0
693	92	0
694	93	0
695	92	0
696	92	0
697	93	0
698	92	0
699	93	0
700	93	0
701	92	0
702	93	0
703	92	0
704	92	0
705	93	0
706	93	0
707	93	0
708	92	0
709	93	0
710	93	0
711	92	0
712	93	0
713	92	0
714	92	0
715	92	0
716	92	0
717	93	0
718	93	0
719	92	0
720	92	0
721	92	0
722	93	0
723	93	0
724	93	0
725	93	0
726	92	0
727	93	0
728	93	0
729	93	0
730	92	0
731	93	0
732	93	0
733	93	0
734	92	0
735	93	0
736	93	0
737	92	0
738	93	0
739	93	0
740	93	0
741	93	0
742	92	0
743	93	0
744	93	0
745	92	0
746	93	0
747	92	0
748	92	0
749	93	0
750	93	0
751	93	0
752	93	0
753	93	0
754	93	0
755	93	0
756	92	0
757	93	0
758	93	0
759	93	0
760	93	0
761	92	0
762	93	0
763	92	0
764	93	0
765	93	0
766	93	0
767	93	0
768	92	0
769	93	0
770	93	0
771	93	0
772	93	0
773	92	0
774	93	0
775	93	0
776	92	0
777	93	0
778	93	0
779	93	0
780	93	0
781	93	0
782	93	0
783	92	0
784	92	0
785	93	0
786	92	0
787	93	0
788	93	0
789	92	0
790	93	0
791	93	0
792	93	0
793	93	0
794	93	0
795	93	0
796	93	0
797	93	0
798	93	0
799	93	0
800	93	0
801	93	0
802	92	0
803	93	0
804	92	0
805	93	0
806	92	0
807	92	0
808	92	0
809	92	0
810	93	0
811	93	0
812	92	0
813	93	0
814	92	0
815	93	0
816	92	0
817	92	0
818	93	0
819	92	0
820	93	0
821	93	0
822	92	0
823	93	0
824	93	0
825	93	0
826	93	0
827	92	0
828	92	0
829	92	0
830	92	0
831	93	0
832	93	0
833	92	0
834	92	0
835	93	0
836	92	0
837	92	0
838	92	0
839	92	0
840	93	0
841	93	0
842	93	0
843	93	0
844	92	0
845	93	0
846	93	0
847	93	0
848	93	0
849	93	0
850	92	0
851	92	0
852	93	0
853	93	0
854	93	0
855	93	0
856	92	0
857	93	0
858	93	0
859	92	0
860	93	0
861	93	0
862	93	0
863	93	0
864	93	0
865	93	0
866	92	0
867	93	0
868	92	0
869	92	0
870	93	0
871	93	0
872	93	0
873	93	0
874	93	0
875	93	0
876	92	0
877	92	0
878	93	0
879	92	0
880	92	0
881	93	0
882	92	0
883	93	0
884	92	0
885	92	0
886	93	0
887	93	0
888	93	0
889	92	0
890	93	0
891	93	0
892	92	0
893	93	0
894	92	0
895	92	0
896	93	0
897	93	0
898	93	0
899	93	0
900	92	0
901	92	0
902	92	0
903	93	0
904	93	0
905	93	0
906	93	0
907	92	0
908	93	0
909	93	0
910	93	0
911	92	0
912	92	0
913	93	0
914	92	0
915	93	0
916	93	0
917	93	0
918	92	0
919	93	0
920	93	0
921	93	0
922	93	0
923	93	0
924	93	0
925	93	0
926	93	0
927	93	0
928	93	0
929	93	0
930	93	0
931	93	0
932	92	0
933	92	0
934	93	0
935	92	0
936	93	0
937	93	0
938	92	0
939	93	0
940	93	0
941	93	0
942	93	0
943	93	0
944	93	0
945	92	0
946	93	0
947	93	0
948	92	0
949	93	0
950	93	0
951	93	0
952	93	0
953	93	0
954	93	0
955	93	0
956	92	0
957	93	0
958	93	0
959	93	0
960	93	0
961	92	0
962	93	0
963	92	0
964	92	0
965	93	0
966	93	0
967	93	0
968	93	0
969	92	0
970	93	0
971	93	0
972	93	0
973	92	0
974	93	0
975	93	0
976	92	0
977	92	0
978	93	0
979	93	0
980	92	0
981	93	0
982	93	0
983	93	0
984	93	0
985	93	0
986	93	0
987	92	0
988	93	0
989	93	0
990	92	0
991	92	0
992	93	0
993	93	0
994	93	0
995	92	0
996	92	0
997	93	0
998	93	0
999	92	0
