Oscilloscope data. 
Time step = 10,00 nS
Voltage step = 3,125 mV
Zero level = 128

N 	Smpl.	Trig

0	122	0
1	121	0
2	121	0
3	122	0
4	122	0
5	121	0
6	121	0
7	121	0
8	121	0
9	122	0
10	121	0
11	121	0
12	121	0
13	121	0
14	121	0
15	122	0
16	121	0
17	121	0
18	121	0
19	123	0
20	123	0
21	123	0
22	121	0
23	121	0
24	121	0
25	121	0
26	121	0
27	121	0
28	121	0
29	121	0
30	121	0
31	121	0
32	121	0
33	121	0
34	121	0
35	121	0
36	121	0
37	121	0
38	121	0
39	121	0
40	121	0
41	122	0
42	121	0
43	121	0
44	121	0
45	121	0
46	121	0
47	123	0
48	121	0
49	121	0
50	121	0
51	121	0
52	121	0
53	121	0
54	121	0
55	121	0
56	121	0
57	121	0
58	121	0
59	121	0
60	121	0
61	121	0
62	121	0
63	121	0
64	121	0
65	121	0
66	121	0
67	121	0
68	122	0
69	121	0
70	121	0
71	121	0
72	121	0
73	121	0
74	121	0
75	121	0
76	121	0
77	122	0
78	121	0
79	121	0
80	121	0
81	121	0
82	121	0
83	122	0
84	121	0
85	121	0
86	121	0
87	121	0
88	123	0
89	121	0
90	123	0
91	121	0
92	121	0
93	121	0
94	121	0
95	123	0
96	122	0
97	121	0
98	121	0
99	121	0
100	121	0
101	121	1
102	123	1
103	122	1
104	121	1
105	121	1
106	121	1
107	122	1
108	122	1
109	123	1
110	123	1
111	122	1
112	123	1
113	121	1
114	122	1
115	122	1
116	123	1
117	121	1
118	123	1
119	123	1
120	121	1
121	121	1
122	121	1
123	121	1
124	121	1
125	123	1
126	123	1
127	121	1
128	121	1
129	121	1
130	122	1
131	121	1
132	123	1
133	121	1
134	121	1
135	121	1
136	122	1
137	123	1
138	122	1
139	121	1
140	121	1
141	122	1
142	123	1
143	123	1
144	123	1
145	122	1
146	123	1
147	121	1
148	121	1
149	121	1
150	121	1
151	123	1
152	122	1
153	121	1
154	123	1
155	141	1
156	212	1
157	221	1
158	224	1
159	225	1
160	227	1
161	227	1
162	225	1
163	225	1
164	225	1
165	221	1
166	167	1
167	136	1
168	127	1
169	123	1
170	121	1
171	121	1
172	123	1
173	123	1
174	123	1
175	147	1
176	212	1
177	220	1
178	223	1
179	224	1
180	225	1
181	225	1
182	224	1
183	224	1
184	225	1
185	221	1
186	177	1
187	145	1
188	131	1
189	124	1
190	121	1
191	120	1
192	120	1
193	121	1
194	124	1
195	155	1
196	213	1
197	221	1
198	224	1
199	225	1
200	227	1
201	227	1
202	226	1
203	225	1
204	226	1
205	217	1
206	153	1
207	131	1
208	127	1
209	124	1
210	123	1
211	122	1
212	122	1
213	123	1
214	124	1
215	175	1
216	215	1
217	221	1
218	225	1
219	227	1
220	228	1
221	228	1
222	227	1
223	227	1
224	227	1
225	207	1
226	144	1
227	127	1
228	121	1
229	120	1
230	121	1
231	123	1
232	123	1
233	123	1
234	125	1
235	199	1
236	219	1
237	224	1
238	227	1
239	228	1
240	229	1
241	229	1
242	229	1
243	228	1
244	229	1
245	169	1
246	139	1
247	133	1
248	129	1
249	124	1
250	122	1
251	121	1
252	121	1
253	121	1
254	149	1
255	217	1
256	225	1
257	227	1
258	229	1
259	229	1
260	231	1
261	228	1
262	228	1
263	225	1
264	208	1
265	151	1
266	123	1
267	117	1
268	119	1
269	121	1
270	123	1
271	124	1
272	124	1
273	124	1
274	124	1
275	123	1
276	121	1
277	121	1
278	121	1
279	121	1
280	121	1
281	121	1
282	121	1
283	121	1
284	121	1
285	121	1
286	121	1
287	121	1
288	121	1
289	121	1
290	123	1
291	121	1
292	121	1
293	121	1
294	121	1
295	122	1
296	121	1
297	121	1
298	121	1
299	121	1
300	123	1
301	123	1
302	121	1
303	121	1
304	121	1
305	121	1
306	121	1
307	121	1
308	121	1
309	121	1
310	122	1
311	121	1
312	121	1
313	121	1
314	121	1
315	121	1
316	123	1
317	121	1
318	121	1
319	121	1
320	121	1
321	122	1
322	121	1
323	121	1
324	121	1
325	121	1
326	123	1
327	122	1
328	121	1
329	121	1
330	121	1
331	121	1
332	121	1
333	123	1
334	121	1
335	121	1
336	121	1
337	121	1
338	121	1
339	121	1
340	121	1
341	121	1
342	121	1
343	121	1
344	121	1
345	121	1
346	121	1
347	121	1
348	121	1
349	121	1
350	122	1
351	121	1
352	121	1
353	121	1
354	121	1
355	123	1
356	123	1
357	121	1
358	121	1
359	121	1
360	121	1
361	121	1
362	121	1
363	121	1
364	121	1
365	121	1
366	121	1
367	121	1
368	121	1
369	121	1
370	121	1
371	121	1
372	121	1
373	121	1
374	121	1
375	121	1
376	121	1
377	121	1
378	121	1
379	121	1
380	121	1
381	123	1
382	121	1
383	121	1
384	121	1
385	121	1
386	121	1
387	121	1
388	123	1
389	121	1
390	121	1
391	121	1
392	121	1
393	121	1
394	122	1
395	121	1
396	121	1
397	121	1
398	121	1
399	121	1
400	123	1
401	121	1
402	121	1
403	122	1
404	123	1
405	122	1
406	121	1
407	121	1
408	121	1
409	121	1
410	121	1
411	122	1
412	121	1
413	121	1
414	121	1
415	121	1
416	121	1
417	123	1
418	121	1
419	121	1
420	121	1
421	121	1
422	121	1
423	122	1
424	121	1
425	123	1
426	121	1
427	121	1
428	121	1
429	122	1
430	121	1
431	123	1
432	121	1
433	121	1
434	121	1
435	121	1
436	121	1
437	123	1
438	123	1
439	121	1
440	121	1
441	121	1
442	121	1
443	121	1
444	122	1
445	121	1
446	121	1
447	122	1
448	121	1
449	122	1
450	121	1
451	121	1
452	123	1
453	121	1
454	122	1
455	122	1
456	121	1
457	121	1
458	122	1
459	123	1
460	121	1
461	123	1
462	121	1
463	123	1
464	121	1
465	121	1
466	121	1
467	121	1
468	123	1
469	123	1
470	121	1
471	121	1
472	122	1
473	122	1
474	121	1
475	121	1
476	121	1
477	121	1
478	121	1
479	123	1
480	121	1
481	121	1
482	121	1
483	121	1
484	121	1
485	122	1
486	121	1
487	121	1
488	121	1
489	121	1
490	122	1
491	123	1
492	121	1
493	121	1
494	121	1
495	123	1
496	123	1
497	122	1
498	121	1
499	121	1
500	121	1
501	121	1
502	121	1
503	123	1
504	121	1
505	121	1
506	121	1
507	121	1
508	121	1
509	123	1
510	121	1
511	121	1
512	121	1
513	121	1
514	121	1
515	121	1
516	123	1
517	121	1
518	121	1
519	121	1
520	121	1
521	121	1
522	121	1
523	121	1
524	121	1
525	121	1
526	121	1
527	121	1
528	121	1
529	121	1
530	123	1
531	121	1
532	121	1
533	121	1
534	121	1
535	121	1
536	122	1
537	121	1
538	122	1
539	121	1
540	121	1
541	122	1
542	123	1
543	121	1
544	121	1
545	121	1
546	122	1
547	121	1
548	122	1
549	122	1
550	121	1
551	123	1
552	122	1
553	121	1
554	121	1
555	121	1
556	122	1
557	123	1
558	121	1
559	121	1
560	121	1
561	122	1
562	121	1
563	122	1
564	121	1
565	121	1
566	121	1
567	122	1
568	121	1
569	123	1
570	121	1
571	122	1
572	122	1
573	121	1
574	121	1
575	121	1
576	123	1
577	121	1
578	121	1
579	122	1
580	121	1
581	121	1
582	121	1
583	121	1
584	123	1
585	121	1
586	121	1
587	122	1
588	121	1
589	121	1
590	121	1
591	121	1
592	121	1
593	121	1
594	121	1
595	121	1
596	121	1
597	122	1
598	121	1
599	121	1
600	121	1
601	121	1
602	121	1
603	122	1
604	121	1
605	121	1
606	121	1
607	121	1
608	121	1
609	123	1
610	121	1
611	121	1
612	121	1
613	121	1
614	121	1
615	121	1
616	121	1
617	121	1
618	122	1
619	121	1
620	121	1
621	121	1
622	121	1
623	122	1
624	121	1
625	121	1
626	121	1
627	121	1
628	122	1
629	121	1
630	121	1
631	121	1
632	121	1
633	121	1
634	123	1
635	121	1
636	121	1
637	122	1
638	121	0
639	121	0
640	121	0
641	122	0
642	121	0
643	122	0
644	121	0
645	121	0
646	122	0
647	121	0
648	121	0
649	121	0
650	121	0
651	121	0
652	121	0
653	121	0
654	121	0
655	121	0
656	121	0
657	121	0
658	121	0
659	121	0
660	121	0
661	121	0
662	121	0
663	121	0
664	121	0
665	121	0
666	121	0
667	121	0
668	121	0
669	121	0
670	121	0
671	121	0
672	121	0
673	121	0
674	121	0
675	121	0
676	121	0
677	121	0
678	121	0
679	121	0
680	121	0
681	121	0
682	121	0
683	121	0
684	121	0
685	121	0
686	121	0
687	121	0
688	121	0
689	121	0
690	121	0
691	121	0
692	121	0
693	121	0
694	121	0
695	121	0
696	122	0
697	121	0
698	121	0
699	121	0
700	121	0
701	123	0
702	121	0
703	121	0
704	121	0
705	121	0
706	121	0
707	121	0
708	121	0
709	121	0
710	121	0
711	121	0
712	121	0
713	121	0
714	121	0
715	121	0
716	121	0
717	121	0
718	121	0
719	122	0
720	121	0
721	121	0
722	121	0
723	121	0
724	121	0
725	123	0
726	121	0
727	121	0
728	121	0
729	121	0
730	121	0
731	122	0
732	121	0
733	121	0
734	121	0
735	121	0
736	121	0
737	121	0
738	121	0
739	123	0
740	121	0
741	121	0
742	121	0
743	121	0
744	121	0
745	121	0
746	121	0
747	121	0
748	121	0
749	121	0
750	121	0
751	121	0
752	121	0
753	121	0
754	121	0
755	121	0
756	121	0
757	121	0
758	121	0
759	121	0
760	121	0
761	121	0
762	122	0
763	121	0
764	121	0
765	121	0
766	121	0
767	121	0
768	121	0
769	121	0
770	121	0
771	121	0
772	121	0
773	122	0
774	121	0
775	121	0
776	121	0
777	121	0
778	121	0
779	122	0
780	121	0
781	121	0
782	121	0
783	121	0
784	121	0
785	123	0
786	121	0
787	121	0
788	121	0
789	121	0
790	121	0
791	123	0
792	121	0
793	121	0
794	122	0
795	121	0
796	123	0
797	121	0
798	121	0
799	122	0
800	122	0
801	121	0
802	121	0
803	121	0
804	122	0
805	121	0
806	122	0
807	122	0
808	121	0
809	121	0
810	122	0
811	123	0
812	121	0
813	121	0
814	121	0
815	121	0
816	122	0
817	121	0
818	121	0
819	121	0
820	121	0
821	121	0
822	122	0
823	121	0
824	121	0
825	121	0
826	121	0
827	122	0
828	121	0
829	121	0
830	121	0
831	121	0
832	121	0
833	123	0
834	121	0
835	121	0
836	121	0
837	121	0
838	121	0
839	123	0
840	121	0
841	121	0
842	121	0
843	122	0
844	123	0
845	122	0
846	121	0
847	121	0
848	121	0
849	121	0
850	121	0
851	121	0
852	121	0
853	121	0
854	121	0
855	121	0
856	122	0
857	122	0
858	123	0
859	123	0
860	121	0
861	123	0
862	121	0
863	121	0
864	121	0
865	121	0
866	121	0
867	121	0
868	121	0
869	121	0
870	121	0
871	121	0
872	121	0
873	121	0
874	121	0
875	121	0
876	121	0
877	121	0
878	121	0
879	121	0
880	121	0
881	121	0
882	121	0
883	121	0
884	121	0
885	121	0
886	121	0
887	121	0
888	121	0
889	121	0
890	121	0
891	121	0
892	121	0
893	121	0
894	121	0
895	121	0
896	121	0
897	121	0
898	121	0
899	121	0
900	121	0
901	121	0
902	121	0
903	121	0
904	121	0
905	121	0
906	121	0
907	121	0
908	121	0
909	121	0
910	121	0
911	121	0
912	121	0
913	121	0
914	121	0
915	121	0
916	121	0
917	121	0
918	121	0
919	121	0
920	121	0
921	121	0
922	121	0
923	121	0
924	121	0
925	121	0
926	121	0
927	122	0
928	121	0
929	121	0
930	121	0
931	121	0
932	121	0
933	121	0
934	121	0
935	121	0
936	121	0
937	121	0
938	121	0
939	121	0
940	121	0
941	121	0
942	121	0
943	121	0
944	122	0
945	121	0
946	121	0
947	121	0
948	121	0
949	121	0
950	123	0
951	122	0
952	121	0
953	121	0
954	121	0
955	121	0
956	121	0
957	123	0
958	121	0
959	121	0
960	121	0
961	121	0
962	121	0
963	121	0
964	121	0
965	121	0
966	121	0
967	121	0
968	121	0
969	121	0
970	121	0
971	122	0
972	121	0
973	121	0
974	121	0
975	121	0
976	122	0
977	121	0
978	121	0
979	121	0
980	121	0
981	123	0
982	121	0
983	121	0
984	121	0
985	121	0
986	122	0
987	122	0
988	121	0
989	121	0
990	121	0
991	121	0
992	121	0
993	121	0
994	121	0
995	123	0
996	121	0
997	121	0
998	121	0
999	121	0
