Oscilloscope data. 
Time step = 10,00 nS
Voltage step = 3,125 mV
Zero level = 91

N 	Smpl.	Trig

0	92	0
1	92	0
2	91	0
3	91	0
4	91	0
5	91	0
6	91	0
7	92	0
8	92	0
9	92	0
10	92	0
11	91	0
12	92	0
13	92	0
14	91	0
15	91	0
16	92	0
17	92	0
18	91	0
19	92	0
20	91	0
21	92	0
22	91	0
23	92	0
24	92	0
25	92	0
26	92	0
27	92	0
28	92	0
29	91	0
30	91	0
31	91	0
32	91	0
33	91	0
34	92	0
35	92	0
36	91	0
37	91	0
38	91	0
39	92	0
40	91	0
41	92	0
42	92	0
43	91	0
44	91	0
45	92	0
46	91	0
47	91	0
48	91	0
49	91	0
50	91	0
51	92	0
52	92	0
53	91	0
54	91	0
55	91	0
56	91	0
57	91	0
58	92	0
59	91	0
60	91	0
61	91	0
62	91	0
63	91	0
64	91	0
65	91	0
66	91	0
67	92	0
68	91	0
69	91	0
70	91	0
71	91	0
72	91	0
73	92	0
74	91	0
75	91	0
76	91	0
77	91	0
78	91	0
79	92	0
80	92	0
81	91	0
82	91	0
83	91	0
84	91	0
85	92	0
86	92	0
87	92	0
88	91	0
89	91	0
90	92	0
91	92	0
92	91	0
93	92	0
94	91	0
95	92	0
96	91	0
97	92	0
98	91	0
99	92	0
100	92	0
101	92	1
102	92	1
103	92	1
104	92	1
105	92	1
106	92	1
107	92	1
108	92	1
109	91	1
110	92	1
111	91	1
112	92	1
113	91	1
114	92	1
115	91	1
116	92	1
117	92	1
118	92	1
119	91	1
120	92	1
121	92	1
122	91	1
123	91	1
124	92	1
125	92	1
126	91	1
127	92	1
128	91	1
129	92	1
130	91	1
131	91	1
132	91	1
133	92	1
134	92	1
135	93	1
136	104	1
137	121	1
138	135	1
139	145	1
140	151	1
141	156	1
142	153	1
143	143	1
144	125	1
145	101	1
146	79	1
147	59	1
148	45	1
149	41	1
150	41	1
151	41	1
152	43	1
153	49	1
154	67	1
155	89	1
156	108	1
157	124	1
158	137	1
159	147	1
160	151	1
161	151	1
162	147	1
163	133	1
164	112	1
165	91	1
166	69	1
167	51	1
168	43	1
169	41	1
170	41	1
171	41	1
172	44	1
173	57	1
174	77	1
175	97	1
176	116	1
177	130	1
178	140	1
179	147	1
180	149	1
181	148	1
182	140	1
183	123	1
184	103	1
185	81	1
186	61	1
187	47	1
188	43	1
189	41	1
190	42	1
191	43	1
192	50	1
193	67	1
194	87	1
195	106	1
196	121	1
197	133	1
198	143	1
199	147	1
200	148	1
201	144	1
202	131	1
203	112	1
204	91	1
205	73	1
206	55	1
207	44	1
208	41	1
209	43	1
210	41	1
211	45	1
212	59	1
213	77	1
214	96	1
215	113	1
216	127	1
217	137	1
218	144	1
219	147	1
220	145	1
221	137	1
222	122	1
223	103	1
224	82	1
225	64	1
226	49	1
227	43	1
228	41	1
229	43	1
230	43	1
231	51	1
232	67	1
233	85	1
234	105	1
235	119	1
236	131	1
237	140	1
238	145	1
239	145	1
240	142	1
241	129	1
242	111	1
243	91	1
244	72	1
245	57	1
246	45	1
247	43	1
248	41	1
249	42	1
250	48	1
251	61	1
252	77	1
253	93	1
254	95	1
255	91	1
256	91	1
257	91	1
258	91	1
259	91	1
260	91	1
261	89	1
262	89	1
263	91	1
264	89	1
265	91	1
266	91	1
267	91	1
268	90	1
269	91	1
270	91	1
271	90	1
272	89	1
273	89	1
274	91	1
275	91	1
276	91	1
277	91	1
278	91	1
279	91	1
280	91	1
281	91	1
282	91	1
283	91	1
284	91	1
285	90	1
286	91	1
287	91	1
288	91	1
289	91	1
290	91	1
291	91	1
292	91	1
293	91	1
294	91	1
295	91	1
296	91	1
297	91	1
298	91	1
299	91	1
300	91	1
301	91	1
302	91	1
303	90	1
304	91	1
305	91	1
306	91	1
307	91	1
308	91	1
309	91	1
310	91	1
311	91	1
312	91	1
313	91	1
314	91	1
315	91	1
316	91	1
317	91	1
318	91	1
319	91	1
320	91	1
321	91	1
322	91	1
323	91	1
324	91	1
325	91	1
326	91	1
327	91	1
328	91	1
329	91	1
330	91	1
331	91	1
332	91	1
333	91	1
334	91	1
335	91	1
336	91	1
337	91	1
338	91	1
339	91	1
340	91	1
341	91	1
342	91	1
343	91	1
344	91	1
345	91	1
346	91	1
347	91	1
348	91	1
349	91	1
350	91	1
351	91	1
352	91	1
353	91	1
354	91	1
355	91	1
356	91	1
357	91	1
358	91	1
359	91	1
360	91	1
361	91	1
362	91	1
363	91	1
364	91	1
365	91	1
366	91	1
367	91	1
368	91	1
369	91	1
370	91	1
371	91	1
372	91	1
373	91	1
374	91	1
375	91	1
376	91	1
377	91	1
378	91	1
379	91	1
380	91	1
381	91	1
382	91	1
383	91	1
384	91	1
385	92	1
386	91	1
387	91	1
388	91	1
389	91	1
390	91	1
391	92	1
392	91	1
393	91	1
394	91	1
395	91	1
396	91	1
397	92	1
398	91	1
399	91	1
400	91	1
401	91	1
402	91	1
403	92	1
404	91	1
405	92	1
406	91	1
407	91	1
408	91	1
409	91	1
410	91	1
411	92	1
412	91	1
413	91	1
414	91	1
415	91	1
416	92	1
417	92	1
418	92	1
419	91	1
420	91	1
421	92	1
422	91	1
423	91	1
424	91	1
425	91	1
426	91	1
427	91	1
428	91	1
429	91	1
430	91	1
431	92	1
432	91	1
433	91	1
434	91	1
435	91	1
436	92	1
437	92	1
438	92	1
439	91	1
440	91	1
441	92	1
442	92	1
443	91	1
444	92	1
445	91	1
446	92	1
447	91	1
448	92	1
449	92	1
450	92	1
451	91	1
452	92	1
453	92	1
454	91	1
455	91	1
456	92	1
457	91	1
458	91	1
459	91	1
460	91	1
461	92	1
462	91	1
463	91	1
464	91	1
465	91	1
466	91	1
467	92	1
468	91	1
469	91	1
470	91	1
471	91	1
472	91	1
473	92	1
474	92	1
475	91	1
476	91	1
477	91	1
478	92	1
479	91	1
480	92	1
481	91	1
482	91	1
483	91	1
484	92	1
485	91	1
486	92	1
487	91	1
488	91	1
489	91	1
490	92	1
491	92	1
492	92	1
493	91	1
494	91	1
495	91	1
496	91	1
497	91	1
498	92	1
499	91	1
500	91	1
501	91	1
502	91	1
503	92	1
504	92	1
505	91	1
506	91	1
507	91	1
508	92	1
509	91	1
510	92	1
511	91	1
512	91	1
513	92	1
514	92	1
515	91	1
516	91	1
517	91	1
518	92	1
519	91	1
520	91	1
521	91	1
522	91	1
523	92	1
524	91	1
525	92	1
526	91	1
527	91	1
528	91	1
529	91	1
530	92	1
531	92	1
532	91	1
533	91	1
534	91	1
535	92	1
536	91	1
537	92	1
538	91	1
539	91	1
540	91	1
541	91	1
542	91	1
543	92	1
544	91	1
545	91	1
546	91	1
547	91	1
548	91	1
549	92	1
550	91	1
551	92	1
552	91	1
553	91	1
554	91	1
555	92	1
556	92	1
557	92	1
558	91	1
559	91	1
560	92	1
561	92	1
562	91	1
563	91	1
564	91	1
565	92	1
566	91	1
567	92	1
568	91	1
569	91	1
570	92	1
571	92	1
572	92	1
573	92	1
574	91	1
575	92	1
576	92	1
577	91	1
578	91	1
579	92	1
580	91	1
581	91	1
582	92	1
583	91	1
584	92	1
585	92	1
586	91	1
587	91	1
588	92	1
589	92	1
590	91	1
591	92	1
592	91	1
593	92	1
594	91	1
595	92	1
596	91	1
597	92	1
598	92	1
599	92	1
600	91	1
601	92	1
602	92	1
603	92	1
604	91	1
605	92	1
606	92	1
607	91	1
608	91	1
609	91	1
610	92	1
611	91	1
612	93	1
613	91	1
614	91	1
615	91	1
616	92	1
617	91	1
618	92	1
619	92	1
620	92	1
621	92	1
622	91	1
623	92	1
624	91	1
625	91	1
626	91	1
627	92	1
628	92	1
629	92	1
630	91	1
631	91	1
632	91	1
633	91	1
634	90	1
635	91	1
636	91	0
637	91	0
638	91	0
639	91	0
640	91	0
641	91	0
642	91	0
643	91	0
644	92	0
645	92	0
646	91	0
647	91	0
648	92	0
649	92	0
650	91	0
651	92	0
652	91	0
653	92	0
654	91	0
655	92	0
656	92	0
657	92	0
658	91	0
659	92	0
660	92	0
661	91	0
662	91	0
663	92	0
664	92	0
665	91	0
666	92	0
667	91	0
668	92	0
669	91	0
670	92	0
671	91	0
672	92	0
673	92	0
674	91	0
675	91	0
676	92	0
677	92	0
678	91	0
679	91	0
680	92	0
681	92	0
682	91	0
683	92	0
684	91	0
685	92	0
686	91	0
687	92	0
688	91	0
689	91	0
690	92	0
691	92	0
692	92	0
693	92	0
694	91	0
695	92	0
696	92	0
697	91	0
698	91	0
699	92	0
700	92	0
701	91	0
702	91	0
703	91	0
704	92	0
705	91	0
706	92	0
707	91	0
708	91	0
709	92	0
710	91	0
711	91	0
712	92	0
713	91	0
714	92	0
715	92	0
716	91	0
717	91	0
718	92	0
719	92	0
720	91	0
721	92	0
722	91	0
723	92	0
724	91	0
725	92	0
726	91	0
727	92	0
728	91	0
729	92	0
730	91	0
731	91	0
732	91	0
733	91	0
734	92	0
735	92	0
736	91	0
737	91	0
738	91	0
739	92	0
740	91	0
741	92	0
742	91	0
743	91	0
744	91	0
745	92	0
746	92	0
747	93	0
748	91	0
749	91	0
750	92	0
751	91	0
752	91	0
753	91	0
754	91	0
755	92	0
756	92	0
757	92	0
758	91	0
759	91	0
760	92	0
761	91	0
762	91	0
763	92	0
764	91	0
765	91	0
766	92	0
767	91	0
768	91	0
769	92	0
770	91	0
771	92	0
772	92	0
773	91	0
774	91	0
775	92	0
776	92	0
777	91	0
778	91	0
779	91	0
780	92	0
781	91	0
782	92	0
783	91	0
784	91	0
785	91	0
786	91	0
787	91	0
788	92	0
789	91	0
790	91	0
791	91	0
792	91	0
793	92	0
794	92	0
795	92	0
796	91	0
797	91	0
798	92	0
799	91	0
800	91	0
801	92	0
802	91	0
803	92	0
804	92	0
805	91	0
806	91	0
807	92	0
808	92	0
809	91	0
810	92	0
811	91	0
812	92	0
813	91	0
814	92	0
815	91	0
816	91	0
817	91	0
818	92	0
819	92	0
820	92	0
821	91	0
822	91	0
823	93	0
824	91	0
825	91	0
826	92	0
827	92	0
828	92	0
829	92	0
830	91	0
831	92	0
832	92	0
833	91	0
834	91	0
835	92	0
836	92	0
837	91	0
838	92	0
839	92	0
840	93	0
841	91	0
842	92	0
843	92	0
844	91	0
845	91	0
846	92	0
847	92	0
848	91	0
849	92	0
850	91	0
851	92	0
852	91	0
853	91	0
854	91	0
855	92	0
856	91	0
857	92	0
858	91	0
859	91	0
860	92	0
861	92	0
862	92	0
863	92	0
864	91	0
865	92	0
866	92	0
867	91	0
868	91	0
869	92	0
870	92	0
871	91	0
872	92	0
873	91	0
874	92	0
875	91	0
876	92	0
877	91	0
878	92	0
879	91	0
880	92	0
881	91	0
882	92	0
883	91	0
884	92	0
885	91	0
886	92	0
887	91	0
888	92	0
889	91	0
890	92	0
891	91	0
892	92	0
893	91	0
894	92	0
895	92	0
896	92	0
897	91	0
898	92	0
899	92	0
900	91	0
901	91	0
902	92	0
903	92	0
904	91	0
905	92	0
906	91	0
907	92	0
908	91	0
909	92	0
910	91	0
911	92	0
912	91	0
913	91	0
914	91	0
915	92	0
916	92	0
917	93	0
918	91	0
919	92	0
920	92	0
921	91	0
922	91	0
923	92	0
924	92	0
925	91	0
926	92	0
927	91	0
928	92	0
929	91	0
930	92	0
931	91	0
932	92	0
933	91	0
934	92	0
935	91	0
936	92	0
937	91	0
938	92	0
939	91	0
940	92	0
941	91	0
942	92	0
943	92	0
944	92	0
945	92	0
946	92	0
947	92	0
948	92	0
949	91	0
950	91	0
951	91	0
952	91	0
953	91	0
954	92	0
955	92	0
956	92	0
957	91	0
958	91	0
959	91	0
960	91	0
961	91	0
962	92	0
963	92	0
964	92	0
965	91	0
966	91	0
967	92	0
968	91	0
969	91	0
970	92	0
971	91	0
972	92	0
973	92	0
974	91	0
975	91	0
976	92	0
977	92	0
978	91	0
979	92	0
980	92	0
981	92	0
982	91	0
983	92	0
984	92	0
985	91	0
986	91	0
987	92	0
988	92	0
989	91	0
990	92	0
991	91	0
992	93	0
993	91	0
994	91	0
995	92	0
996	92	0
997	91	0
998	92	0
999	91	0
