Oscilloscope data. 
Time step = 10,00 nS
Voltage step = 3,125 mV
Zero level = 185

N 	Smpl.	Trig

0	185	0
1	185	0
2	185	0
3	185	0
4	185	0
5	185	0
6	187	0
7	186	0
8	185	0
9	185	0
10	185	0
11	187	0
12	185	0
13	185	0
14	185	0
15	187	0
16	185	0
17	185	0
18	185	0
19	185	0
20	185	0
21	185	0
22	185	0
23	185	0
24	187	0
25	187	0
26	185	0
27	186	0
28	185	0
29	185	0
30	185	0
31	186	0
32	187	0
33	187	0
34	185	0
35	185	0
36	187	0
37	185	0
38	185	0
39	185	0
40	185	0
41	185	0
42	185	0
43	185	0
44	185	0
45	185	0
46	186	0
47	185	0
48	186	0
49	185	0
50	185	0
51	186	0
52	186	0
53	187	0
54	185	0
55	185	0
56	186	0
57	185	0
58	185	0
59	187	0
60	185	0
61	187	0
62	185	0
63	186	0
64	187	0
65	185	0
66	185	0
67	186	0
68	187	0
69	185	0
70	185	0
71	185	0
72	185	0
73	185	0
74	186	0
75	185	0
76	186	0
77	185	0
78	186	0
79	187	0
80	186	0
81	186	0
82	187	0
83	187	0
84	185	0
85	186	0
86	185	0
87	185	0
88	185	0
89	186	0
90	186	0
91	187	0
92	185	0
93	185	0
94	185	0
95	187	0
96	187	0
97	187	0
98	186	0
99	186	0
100	186	0
101	187	1
102	187	1
103	187	1
104	186	1
105	187	1
106	185	1
107	185	1
108	187	1
109	186	1
110	186	1
111	185	1
112	187	1
113	186	1
114	185	1
115	185	1
116	186	1
117	185	1
118	187	1
119	186	1
120	185	1
121	186	1
122	187	1
123	185	1
124	185	1
125	187	1
126	187	1
127	185	1
128	185	1
129	185	1
130	185	1
131	185	1
132	185	1
133	185	1
134	185	1
135	187	1
136	201	1
137	220	1
138	236	1
139	247	1
140	254	1
141	254	1
142	254	1
143	248	1
144	225	1
145	198	1
146	172	1
147	148	1
148	137	1
149	133	1
150	135	1
151	137	1
152	137	1
153	140	1
154	157	1
155	181	1
156	204	1
157	223	1
158	237	1
159	247	1
160	253	1
161	253	1
162	249	1
163	237	1
164	213	1
165	186	1
166	161	1
167	141	1
168	135	1
169	133	1
170	136	1
171	137	1
172	137	1
173	145	1
174	167	1
175	191	1
176	211	1
177	227	1
178	239	1
179	247	1
180	251	1
181	249	1
182	243	1
183	224	1
184	200	1
185	175	1
186	151	1
187	139	1
188	135	1
189	135	1
190	136	1
191	137	1
192	139	1
193	155	1
194	177	1
195	200	1
196	217	1
197	231	1
198	241	1
199	247	1
200	248	1
201	245	1
202	235	1
203	213	1
204	189	1
205	165	1
206	145	1
207	136	1
208	135	1
209	135	1
210	137	1
211	137	1
212	145	1
213	167	1
214	187	1
215	207	1
216	222	1
217	234	1
218	241	1
219	245	1
220	245	1
221	239	1
222	223	1
223	201	1
224	179	1
225	155	1
226	141	1
227	135	1
228	135	1
229	135	1
230	136	1
231	139	1
232	155	1
233	175	1
234	196	1
235	213	1
236	227	1
237	236	1
238	243	1
239	244	1
240	241	1
241	232	1
242	213	1
243	191	1
244	169	1
245	149	1
246	137	1
247	135	1
248	135	1
249	136	1
250	137	1
251	147	1
252	165	1
253	185	1
254	203	1
255	218	1
256	229	1
257	238	1
258	241	1
259	241	1
260	237	1
261	223	1
262	202	1
263	181	1
264	161	1
265	144	1
266	136	1
267	135	1
268	136	1
269	137	1
270	140	1
271	155	1
272	175	1
273	194	1
274	211	1
275	224	1
276	233	1
277	239	1
278	241	1
279	239	1
280	231	1
281	212	1
282	192	1
283	173	1
284	153	1
285	140	1
286	136	1
287	135	1
288	136	1
289	137	1
290	147	1
291	165	1
292	184	1
293	202	1
294	216	1
295	227	1
296	235	1
297	239	1
298	239	1
299	235	1
300	221	1
301	203	1
302	183	1
303	163	1
304	147	1
305	137	1
306	135	1
307	136	1
308	136	1
309	141	1
310	156	1
311	173	1
312	192	1
313	208	1
314	221	1
315	231	1
316	236	1
317	239	1
318	237	1
319	227	1
320	212	1
321	193	1
322	175	1
323	156	1
324	143	1
325	137	1
326	135	1
327	136	1
328	139	1
329	148	1
330	165	1
331	183	1
332	201	1
333	213	1
334	225	1
335	233	1
336	237	1
337	237	1
338	233	1
339	221	1
340	203	1
341	184	1
342	165	1
343	149	1
344	140	1
345	136	1
346	136	1
347	137	1
348	143	1
349	156	1
350	173	1
351	191	1
352	207	1
353	219	1
354	229	1
355	235	1
356	236	1
357	235	1
358	227	1
359	212	1
360	195	1
361	177	1
362	159	1
363	145	1
364	139	1
365	136	1
366	135	1
367	139	1
368	149	1
369	165	1
370	181	1
371	199	1
372	213	1
373	223	1
374	231	1
375	235	1
376	236	1
377	231	1
378	219	1
379	203	1
380	185	1
381	169	1
382	153	1
383	143	1
384	137	1
385	136	1
386	137	1
387	144	1
388	157	1
389	173	1
390	191	1
391	205	1
392	217	1
393	227	1
394	233	1
395	235	1
396	233	1
397	215	1
398	188	1
399	172	1
400	159	1
401	149	1
402	145	1
403	145	1
404	147	1
405	155	1
406	165	1
407	177	1
408	185	1
409	185	1
410	181	1
411	183	1
412	183	1
413	182	1
414	181	1
415	182	1
416	182	1
417	181	1
418	183	1
419	183	1
420	183	1
421	183	1
422	183	1
423	182	1
424	183	1
425	181	1
426	183	1
427	183	1
428	183	1
429	183	1
430	183	1
431	183	1
432	183	1
433	183	1
434	183	1
435	183	1
436	183	1
437	183	1
438	183	1
439	183	1
440	183	1
441	183	1
442	183	1
443	183	1
444	183	1
445	183	1
446	183	1
447	183	1
448	183	1
449	183	1
450	183	1
451	183	1
452	183	1
453	183	1
454	183	1
455	183	1
456	183	1
457	183	1
458	183	1
459	183	1
460	183	1
461	184	1
462	183	1
463	183	1
464	184	1
465	183	1
466	184	1
467	184	1
468	184	1
469	184	1
470	184	1
471	185	1
472	183	1
473	184	1
474	185	1
475	184	1
476	185	1
477	185	1
478	185	1
479	185	1
480	184	1
481	184	1
482	184	1
483	184	1
484	183	1
485	185	1
486	185	1
487	184	1
488	184	1
489	185	1
490	185	1
491	184	1
492	185	1
493	184	1
494	185	1
495	185	1
496	185	1
497	184	1
498	185	1
499	185	1
500	184	1
501	184	1
502	185	1
503	185	1
504	184	1
505	185	1
506	185	1
507	184	1
508	184	1
509	185	1
510	185	1
511	184	1
512	185	1
513	185	1
514	185	1
515	185	1
516	185	1
517	185	1
518	185	1
519	185	1
520	185	1
521	185	1
522	184	1
523	185	1
524	185	1
525	185	1
526	185	1
527	185	1
528	185	1
529	185	1
530	185	1
531	185	1
532	185	1
533	185	1
534	185	1
535	185	1
536	185	1
537	185	1
538	185	1
539	185	1
540	185	1
541	185	1
542	185	1
543	185	1
544	185	1
545	185	1
546	185	1
547	185	1
548	185	1
549	185	1
550	185	1
551	185	1
552	185	1
553	185	1
554	185	1
555	185	1
556	185	1
557	185	1
558	185	1
559	185	1
560	185	1
561	185	1
562	185	1
563	185	1
564	185	1
565	185	1
566	185	1
567	185	1
568	185	1
569	185	1
570	185	1
571	185	1
572	185	1
573	185	1
574	185	1
575	185	1
576	185	1
577	185	1
578	185	1
579	185	1
580	185	1
581	185	1
582	185	1
583	185	1
584	185	1
585	185	1
586	185	1
587	185	1
588	185	1
589	185	1
590	185	1
591	185	1
592	185	1
593	185	1
594	185	1
595	185	1
596	185	1
597	185	1
598	185	1
599	185	1
600	185	1
601	185	1
602	185	1
603	185	1
604	185	1
605	185	1
606	185	1
607	185	1
608	185	1
609	185	1
610	185	1
611	185	1
612	185	1
613	185	1
614	185	1
615	185	1
616	185	1
617	185	1
618	185	1
619	185	1
620	185	1
621	185	1
622	185	1
623	185	1
624	185	1
625	185	1
626	185	1
627	185	1
628	185	1
629	185	1
630	185	1
631	184	1
632	185	1
633	184	1
634	185	1
635	185	1
636	185	0
637	185	0
638	185	0
639	185	0
640	185	0
641	185	0
642	185	0
643	185	0
644	185	0
645	185	0
646	185	0
647	185	0
648	185	0
649	185	0
650	185	0
651	185	0
652	185	0
653	186	0
654	186	0
655	185	0
656	185	0
657	185	0
658	185	0
659	185	0
660	186	0
661	185	0
662	185	0
663	185	0
664	185	0
665	187	0
666	185	0
667	185	0
668	185	0
669	185	0
670	185	0
671	185	0
672	185	0
673	185	0
674	185	0
675	185	0
676	185	0
677	185	0
678	185	0
679	185	0
680	185	0
681	185	0
682	185	0
683	185	0
684	185	0
685	185	0
686	185	0
687	185	0
688	185	0
689	185	0
690	185	0
691	185	0
692	185	0
693	185	0
694	185	0
695	185	0
696	185	0
697	185	0
698	185	0
699	185	0
700	185	0
701	185	0
702	186	0
703	185	0
704	185	0
705	185	0
706	185	0
707	186	0
708	186	0
709	185	0
710	185	0
711	185	0
712	187	0
713	185	0
714	185	0
715	185	0
716	187	0
717	185	0
718	185	0
719	185	0
720	185	0
721	187	0
722	185	0
723	185	0
724	185	0
725	186	0
726	185	0
727	185	0
728	187	0
729	185	0
730	187	0
731	187	0
732	185	0
733	185	0
734	185	0
735	185	0
736	186	0
737	186	0
738	185	0
739	185	0
740	185	0
741	186	0
742	187	0
743	186	0
744	185	0
745	185	0
746	187	0
747	185	0
748	187	0
749	187	0
750	185	0
751	185	0
752	186	0
753	185	0
754	185	0
755	185	0
756	186	0
757	187	0
758	185	0
759	185	0
760	185	0
761	186	0
762	185	0
763	187	0
764	185	0
765	185	0
766	187	0
767	185	0
768	185	0
769	185	0
770	185	0
771	186	0
772	185	0
773	185	0
774	185	0
775	185	0
776	186	0
777	185	0
778	185	0
779	185	0
780	185	0
781	186	0
782	187	0
783	186	0
784	185	0
785	185	0
786	187	0
787	185	0
788	185	0
789	187	0
790	186	0
791	185	0
792	185	0
793	185	0
794	187	0
795	186	0
796	185	0
797	185	0
798	185	0
799	187	0
800	185	0
801	185	0
802	186	0
803	185	0
804	186	0
805	185	0
806	185	0
807	185	0
808	185	0
809	186	0
810	187	0
811	185	0
812	185	0
813	185	0
814	185	0
815	186	0
816	185	0
817	185	0
818	186	0
819	187	0
820	186	0
821	185	0
822	185	0
823	186	0
824	185	0
825	185	0
826	187	0
827	185	0
828	186	0
829	187	0
830	185	0
831	185	0
832	185	0
833	187	0
834	185	0
835	186	0
836	185	0
837	185	0
838	185	0
839	185	0
840	186	0
841	185	0
842	185	0
843	185	0
844	185	0
845	185	0
846	185	0
847	185	0
848	185	0
849	185	0
850	185	0
851	185	0
852	185	0
853	185	0
854	185	0
855	185	0
856	186	0
857	185	0
858	185	0
859	185	0
860	186	0
861	187	0
862	185	0
863	185	0
864	185	0
865	185	0
866	185	0
867	185	0
868	185	0
869	185	0
870	185	0
871	185	0
872	185	0
873	185	0
874	185	0
875	185	0
876	185	0
877	185	0
878	185	0
879	185	0
880	185	0
881	185	0
882	185	0
883	186	0
884	186	0
885	185	0
886	185	0
887	185	0
888	185	0
889	185	0
890	185	0
891	185	0
892	185	0
893	185	0
894	185	0
895	185	0
896	187	0
897	185	0
898	185	0
899	185	0
900	187	0
901	185	0
902	185	0
903	185	0
904	185	0
905	187	0
906	185	0
907	185	0
908	185	0
909	185	0
910	185	0
911	186	0
912	185	0
913	185	0
914	185	0
915	185	0
916	185	0
917	185	0
918	185	0
919	185	0
920	185	0
921	185	0
922	185	0
923	185	0
924	185	0
925	185	0
926	185	0
927	185	0
928	185	0
929	185	0
930	185	0
931	185	0
932	185	0
933	185	0
934	185	0
935	185	0
936	185	0
937	185	0
938	185	0
939	185	0
940	185	0
941	185	0
942	185	0
943	185	0
944	185	0
945	185	0
946	185	0
947	185	0
948	185	0
949	185	0
950	185	0
951	186	0
952	186	0
953	187	0
954	185	0
955	185	0
956	185	0
957	185	0
958	185	0
959	187	0
960	186	0
961	185	0
962	185	0
963	186	0
964	185	0
965	187	0
966	186	0
967	185	0
968	187	0
969	186	0
970	185	0
971	185	0
972	187	0
973	186	0
974	185	0
975	185	0
976	186	0
977	185	0
978	187	0
979	185	0
980	187	0
981	187	0
982	187	0
983	185	0
984	187	0
985	186	0
986	185	0
987	185	0
988	186	0
989	186	0
990	187	0
991	187	0
992	185	0
993	187	0
994	185	0
995	186	0
996	186	0
997	185	0
998	187	0
999	187	0
